"Y"
0.29983
0.30882
0.31747
0.32581
0.33385
0.34159
0.34906
0.35626
0.3632
0.3699
0.37635
0.38259
0.3886
0.3944
0.4
0.40546
0.41087
0.41624
0.42156
0.42684
0.43208
0.43728
0.44244
0.44757
0.45266
0.45773
0.46276
0.46776
0.47274
0.47769
0.48262
0.48752
0.49241
0.49727
0.50212
0.50695
0.51177
0.51658
0.52137
0.52616
0.53094
0.53571
0.54047
0.54524
0.55
0.55476
0.55952
0.56429
0.56905
0.57381
0.57857
0.58333
0.5881
0.59286
0.59762
0.60238
0.60714
0.6119
0.61667
0.62143
0.62619
0.63095
0.63571
0.64048
0.64524
0.65
0.65476
0.65953
0.66429
0.66906
0.67384
0.67863
0.68342
0.68823
0.69305
0.69788
0.70273
0.70759
0.71248
0.71738
0.72231
0.72726
0.73224
0.73724
0.74227
0.74734
0.75243
0.75756
0.76272
0.76792
0.77316
0.77844
0.78376
0.78913
0.79454
0.8
0.8056
0.8114
0.81741
0.82365
0.8301
0.8368
0.84374
0.85094
0.85841
0.86615
0.87419
0.88253
0.89118
0.90017
