"X"
0.1965
0.20406
0.21144
0.21865
0.22569
0.23258
0.23932
0.24592
0.25239
0.25873
0.26494
0.27104
0.27704
0.28292
0.28871
0.2944
0.3
0.30545
0.31083
0.31614
0.32139
0.32658
0.33172
0.3368
0.34184
0.34684
0.3518
0.35672
0.36161
0.36647
0.3713
0.37612
0.38092
0.3857
0.39047
0.39524
0.4
0.40476
0.40952
0.41429
0.41905
0.42381
0.42857
0.43333
0.4381
0.44286
0.44762
0.45238
0.45714
0.4619
0.46667
0.47143
0.47619
0.48095
0.48571
0.49048
0.49524
0.5
0.50476
0.50952
0.51429
0.51905
0.52381
0.52857
0.53333
0.5381
0.54286
0.54762
0.55238
0.55714
0.5619
0.56667
0.57143
0.57619
0.58095
0.58571
0.59048
0.59524
0.6
0.60477
0.60953
0.61431
0.61909
0.62388
0.62868
0.63351
0.63835
0.64321
0.6481
0.65301
0.65796
0.66293
0.66795
0.673
0.67809
0.68323
0.68841
0.69365
0.69893
0.70428
0.70968
0.71515
0.72068
0.72628
0.73195
0.73769
0.74351
0.74942
0.75541
0.76149
0.76766
0.77392
0.78028
0.78675
0.79332
0.8
